Coords.WORLD:
[[ 2.  0. -2.]
 [ 8.  0. -5.]
 [-2.  0. -5.]
 [-2.  0. -2.]
 [ 2.  4. -2.]
 [ 8.  4. -5.]
 [-2.  4. -5.]
 [-2.  4. -2.]]
Coords.CAMERA:
[[ 2.  0. -2.]
 [ 8.  0. -5.]
 [-2.  0. -5.]
 [-2.  0. -2.]
 [ 2.  4. -2.]
 [ 8.  4. -5.]
 [-2.  4. -5.]
 [-2.  4. -2.]]
Coords.NORMALIZED:
[[ 0.125  0.     0.25 ]
 [ 0.2    0.     1.   ]
 [-0.05   0.     1.   ]
 [-0.125  0.     0.25 ]
 [ 0.125  0.5    0.25 ]
 [ 0.2    0.2    1.   ]
 [-0.05   0.2    1.   ]
 [-0.125  0.5    0.25 ]]
Coords.VIEWPORT:
[[281 250]
 [300 250]
 [  0   0]
 [218 250]
 [281 375]
 [300 300]
 [  0   0]
 [218 375]]
View Frustum: [-8.0, 8.0, -4.0, 4.0, -1, -5.0]
Face 1: True [ 0. -0.  1.]
Face 2: True [0. 0. 1.]
Face 3: True [0.4472136  0.         0.89442719]
Face 4: True [ 0.4472136  -0.          0.89442719]
Face 5: False [ 0.  0. -1.]
Face 6: False [-0.  0. -1.]
Face 7: False [0. 1. 0.]
Face 8: False [0. 1. 0.]
Face 9: False [-1.  0.  0.]
Face 10: False [-1.  0. -0.]
Face 11: False [0. 1. 0.]
Face 12: False [0. 1. 0.]
Phong Shading Intensity: [0.9886299214494144, 0.9786594673784315, 0.376312535769168, 0.46252898783277846, 0.03460488800219546, 0.02128141545254866, 0.0, 0.0, -0.8319204479934982, -0.599825247066655, -0.8315322421017602, -0.9482416284713621]
